
K =

    0.0360


B =

   5.6250e-04

