
K =

    0.0417


B =

   7.0000e-04

