
K =

    0.0343


B =

   5.6250e-04

