
K =

    0.0394


B =

   6.3750e-04

