
K =

    0.0308


B =

  -5.2500e-04

