
K =

    0.0369


B =

  -6.2500e-04

