Outer loop gains
ans =

    4.0000    0.9000         0

Inner loop gains
ans =

    0.9000         0    0.0600

