Outer loop gains
ans =

     3     0     0

Inner loop gains
ans =

    1.0000    0.1000         0

