
K =

    0.0316


B =

  -5.6250e-04

