
K =

    0.0378


B =

  -6.7500e-04

